[?25l[0m [38;2;0;0;0m                     [38;2;64;29;30m▁[38;2;63;30;30m▂                [0m
 [38;2;0;0;0m                [0m [38;2;91;45;40m▁[38;2;107;61;55m▄[38;2;115;68;60m▆[38;2;125;75;66m▇[38;2;64;37;39;48;2;107;61;54m▁[0m[38;2;64;33;34m▘    [0m [38;2;24;31;43m           [0m
 [38;2;0;0;0m         [38;2;65;31;32m▝[38;2;113;65;58;48;2;54;32;36m▅[0m[38;2;123;73;64m▆[38;2;120;71;63m▆[38;2;118;70;62m▆[38;2;119;70;62m▆[38;2;123;72;64m▆[38;2;125;74;65;48;2;55;30;33m▆[38;2;88;39;34;48;2;121;71;62m▁[38;2;135;84;74;48;2;126;75;66m┈[48;2;131;81;71m┈[38;2;90;42;37;48;2;130;79;70m╺[0m[38;2;119;69;61m▅[38;2;109;59;52m▅[38;2;114;64;56m▅[38;2;123;72;64m▆[38;2;118;70;62m▇[38;2;99;54;51m▇[7m[38;2;66;33;33m▄[0m[38;2;28;31;42m    [0m  [38;2;24;31;43m     [0m
 [38;2;0;0;0m       [38;2;36;32;63m▁[38;2;57;50;87m▄[38;2;80;62;91;48;2;46;45;77m▃[38;2;81;32;27;48;2;76;65;101m▁[38;2;96;47;43;48;2;99;70;87m╺[38;2;93;56;64;48;2;134;83;73m▃[38;2;116;66;58;48;2;135;84;74m▁  [38;2;135;84;74;48;2;134;83;73m┈[48;2;88;39;34m▅[48;2;134;83;73m┈[48;2;135;84;74m  [48;2;133;82;72m┈[48;2;135;84;74m [38;2;109;59;52;48;2;134;83;73m▁[38;2;86;42;44;48;2;117;74;73m┎[38;2;80;80;126;48;2;97;59;66m▄[38;2;80;81;129;48;2;67;53;87m▇[38;2;75;74;122;48;2;35;30;61m▇[0m[38;2;71;70;116m▅[38;2;51;46;85m▃[0m [38;2;64;60;105m▗[38;2;78;79;127;48;2;63;59;103m╴[0m[38;2;41;30;71m▎     [0m
 [38;2;0;0;0m    [0m [38;2;113;63;56m▂[38;2;118;69;61m▅[38;2;130;79;70;48;2;64;33;52m▆[38;2;133;83;73;48;2;83;35;33m▇[38;2;135;84;74;48;2;119;71;62m▇[38;2;121;71;63;48;2;91;42;36m▊[38;2;79;31;29;48;2;80;77;122m▎[38;2;80;81;129;48;2;80;81;128m┈[38;2;80;81;128;48;2;84;52;66m▆[38;2;80;78;123;48;2;109;62;58m▅[38;2;85;44;49;48;2;108;78;91m╾[38;2;103;58;56;48;2;133;82;72m▖[48;2;135;84;74m [38;2;117;68;60m▁ [38;2;103;54;47;48;2;133;82;72m▗[38;2;97;48;42;48;2;134;83;73m▂[38;2;81;32;28;48;2;122;72;63m▁[38;2;134;83;73;48;2;102;53;47m▇[38;2;83;46;56;48;2;127;76;67m▝[38;2;81;49;64;48;2;80;80;128m▖[48;2;80;81;129m   [38;2;79;79;127;48;2;65;61;106m▉[38;2;66;62;108;48;2;39;31;67m▆[38;2;80;81;129;48;2;78;79;127m┈[38;2;76;76;123;48;2;45;34;78m▉[0m[38;2;39;30;68m▍[38;2;35;30;62m▁[38;2;66;63;109m▁[38;2;65;61;106m▃[38;2;45;36;77m▖ [0m
 [38;2;0;0;0m  [0m [38;2;111;64;57m▄[38;2;129;78;69;48;2;76;39;37m▇[48;2;135;84;74m     [38;2;131;80;71;48;2;84;37;36m▋[38;2;80;61;89;48;2;80;80;128m▏[48;2;80;81;129m    [38;2;84;47;56;48;2;80;78;123m▝[38;2;87;47;52;48;2;126;76;67m▅[38;2;134;84;74;48;2;98;49;43m▅[38;2;93;44;39;48;2;128;77;68m╺[38;2;80;30;26;48;2;125;75;66m┚[48;2;135;84;74m [38;2;135;84;74;48;2;106;58;52m▇[48;2;135;84;74m  [38;2;87;41;41;48;2;114;71;71m┗[38;2;58;39;72;48;2;78;77;124m▂[38;2;69;67;113;48;2;75;75;122m╷[38;2;72;71;117;48;2;79;80;128m╴[38;2;80;81;129;48;2;78;79;127m┈[48;2;80;81;129m [38;2;71;69;115;48;2;79;80;127m╶[38;2;69;66;113;48;2;48;39;82m▊[0m[38;2;68;65;111m▇[38;2;79;80;128;48;2;53;45;89m▇[38;2;80;81;129;48;2;71;70;116m╴[0m[7m[38;2;51;47;86m▄[0m [38;2;24;31;43m [0m
 [38;2;0;0;0m [0m [38;2;71;36;35;48;2;128;78;68m▘[48;2;135;84;74m       [38;2;82;32;28;48;2;102;69;81m┃[48;2;80;81;129m      [38;2;80;80;127;48;2;80;34;36m▋[38;2;103;54;48;48;2;135;84;74m▏      [38;2;135;84;74;48;2;134;83;74m┈[38;2;70;64;106;48;2;93;50;53m▝[38;2;55;47;92;48;2;73;72;118m┛[48;2;80;81;129m    [38;2;64;61;105m▁[38;2;79;80;128;48;2;68;65;111m▉[0m[7m[38;2;60;54;99m▗[0m[38;2;35;32;60m▘   [0m
 [7m[38;2;53;30;33m▉[0m[38;2;72;33;31;48;2;124;73;64m▘[48;2;135;84;74m        [38;2;92;43;39;48;2;80;76;120m▌[48;2;80;81;129m     [38;2;85;50;60;48;2;80;77;122m▃[38;2;135;84;74;48;2;99;57;59m╺[38;2;103;53;47;48;2;133;82;72m▂[48;2;135;84;74m       [38;2;97;48;43;48;2;132;81;71m▝[38;2;73;44;60;48;2;46;47;75m▍[38;2;42;34;72;48;2;71;70;116m▖[38;2;68;66;112;48;2;80;81;129m▁ [38;2;80;81;129;48;2;79;80;128m┈[38;2;79;79;127;48;2;44;32;76m▅[38;2;80;81;129;48;2;80;81;128m┈[38;2;45;37;76;48;2;76;76;124m▝[0m[38;2;39;32;68m▖   [0m
 [7m[38;2;79;31;28m▋[0m[38;2;135;84;74;48;2;133;82;72m┊[48;2;135;84;74m       [48;2;121;71;63m▉[38;2;80;31;28;48;2;80;79;125m▍[48;2;80;81;129m    [38;2;80;81;129;48;2;80;81;128m┈[38;2;80;65;97;48;2;93;52;57m▍[38;2;131;80;71;48;2;116;66;58m▇[38;2;88;39;34;48;2;124;74;65m▘[48;2;135;84;74m        [0m[38;2;102;54;48m▋[7m[38;2;39;32;68m▆[38;2;43;30;74m▇[38;2;50;46;84m▅[38;2;69;67;112m▄[38;2;74;73;120m▂[0m[38;2;51;43;86;48;2;79;79;127m▁[48;2;80;81;129m [38;2;37;32;65;48;2;73;72;119m▝[0m[38;2;38;33;66m▖  [0m
 [7m[38;2;75;30;28m▋[0m[38;2;111;61;54;48;2;134;83;73m▏[48;2;135;84;74m       [38;2;135;84;74;48;2;116;67;59m▉[38;2;79;31;29;48;2;80;80;126m▍[48;2;80;81;129m    [38;2;90;44;43;48;2;80;74;116m▗[38;2;102;52;47;48;2;134;83;73m▘[48;2;135;84;74m          [38;2;133;82;73;48;2;90;41;36m▋[0m[38;2;60;29;31m▏[38;2;34;31;60m▁[38;2;62;58;101m▄[38;2;65;61;107;48;2;40;31;69m▅[0m[7m[38;2;59;56;98m▝[38;2;35;30;60m▇[38;2;55;48;91m▆[38;2;60;57;100m▄[38;2;48;42;81m▃[0m[38;2;34;30;59m╸ [0m
  [7m[38;2;111;62;54m▖[0m[38;2;46;30;35;48;2;135;84;74m        [38;2;95;50;50;48;2;80;76;119m▋[48;2;80;81;129m   [38;2;80;80;128;48;2;80;63;93m▉[38;2;90;48;52;48;2;129;79;69m▌[48;2;135;84;74m  [38;2;108;59;52;48;2;133;82;73m┎[48;2;135;84;74m  [38;2;133;82;72;48;2;89;39;34m▉[38;2;100;51;45;48;2;134;83;73m▏[48;2;135;84;74m [38;2;135;84;74;48;2;134;83;74m┈[48;2;135;84;74m  [48;2;112;63;55m▉[38;2;80;80;128;48;2;61;34;47m▗[38;2;77;77;125;48;2;49;42;82m▇[48;2;80;81;129m   [0m[38;2;53;48;89m▊     [0m
 [38;2;85;38;34m▁[38;2;75;39;38;48;2;98;50;44m▖[38;2;135;84;74;48;2;131;80;71m┈[48;2;135;84;74m       [38;2;87;42;44;48;2;130;80;70m▝[38;2;82;48;59;48;2;80;79;126m▖[48;2;80;81;129m  [38;2;80;80;127;48;2;79;36;40m▋[38;2;101;52;46;48;2;134;83;73m▏[48;2;135;84;74m [38;2;135;84;74;48;2;113;64;56m▉[38;2;90;41;35;48;2;130;79;70m▍[48;2;135;84;74m  [38;2;135;84;74;48;2;88;39;35m▊[38;2;79;29;25;48;2;132;81;71m▏[48;2;135;84;74m [38;2;135;84;74;48;2;113;65;57m▉[38;2;89;39;34;48;2;134;83;73m▎[48;2;135;84;74m  [38;2;98;51;47;48;2;80;75;118m▋[48;2;80;81;129m    [0m[38;2;59;54;98m▉     [0m
 [7m[38;2;58;30;32m▇[38;2;86;47;44m▅[38;2;110;62;56m▄[38;2;121;72;64m▖[0m[38;2;135;84;74;48;2;134;83;73m┈[48;2;135;84;74m      [38;2;90;50;56;48;2;131;81;71m▝[38;2;99;52;49;48;2;91;72;100m┒[38;2;80;53;74;48;2;80;80;127m▁[38;2;80;71;110;48;2;87;41;41m▘[48;2;135;84;74m  [38;2;133;82;72;48;2;82;32;28m▊[38;2;81;32;27;48;2;132;82;72m▏[48;2;135;84;74m  [38;2;133;83;73;48;2;81;31;27m▊[38;2;80;30;26;48;2;132;82;72m▏[48;2;135;84;74m [38;2;133;83;73;48;2;87;38;33m▉[38;2;81;31;27;48;2;133;82;72m▎[48;2;135;84;74m  [38;2;134;83;73;48;2;82;47;58m▍[48;2;80;81;129m   [38;2;80;81;129;48;2;78;78;126m┈[0m[38;2;49;42;82m▌     [0m
 [38;2;0;0;0m   [0m [7m[38;2;87;47;44m▅[38;2;118;70;62m▂[0m[38;2;111;62;54;48;2;134;83;73m▁[48;2;135;84;74m     [38;2;92;43;38;48;2;126;76;67m━[38;2;127;76;67;48;2;101;52;46m▗[38;2;130;80;70;48;2;100;50;44m▖[48;2;135;84;74m  [38;2;132;82;72;48;2;80;30;26m▊[38;2;81;32;27;48;2;133;83;73m▏[48;2;135;84;74m  [38;2;129;78;69;48;2;88;39;34m▋[38;2;115;66;58;48;2;135;84;74m▏ [38;2;130;79;70;48;2;82;32;28m▊[38;2;94;44;39;48;2;133;82;73m▏[48;2;135;84;74m  [38;2;86;37;32;48;2;126;76;68m▁[38;2;93;55;62;48;2;80;75;118m▆[38;2;80;81;129;48;2;80;78;122m┊[48;2;74;73;120m┈[0m[7m[38;2;55;51;92m▄[0m [38;2;24;31;43m     [0m
 [38;2;0;0;0m      [7m[38;2;71;38;37m▆[38;2;115;66;59m▄[38;2;127;76;67m▂[0m[38;2;102;53;46;48;2;134;83;73m▁[48;2;135;84;74m  [38;2;93;44;39;48;2;131;80;71m▝[38;2;86;37;32;48;2;124;74;65m┓[38;2;133;82;73;48;2;92;42;37m▋[38;2;101;51;45;48;2;132;81;72m▏[48;2;135;84;74m [38;2;135;84;74;48;2;92;43;38m▊[38;2;87;38;33;48;2;134;83;73m▎[48;2;135;84;74m [38;2;131;80;70;48;2;110;61;53m▉[38;2;92;43;37;48;2;125;75;66m┛[48;2;135;84;74m [38;2;135;84;74;48;2;133;83;73m┈[38;2;125;74;65;48;2;99;50;43m▚[48;2;135;84;74m  [38;2;135;84;74;48;2;132;82;72m┈[38;2;76;60;92;48;2;105;58;55m▗[38;2;80;52;71;48;2;70;57;90m╹[0m[7m[38;2;64;62;106m▃[0m[38;2;38;35;66m▘       [0m
 [38;2;0;0;0m         [7m[38;2;66;30;31m▇[38;2;93;51;46m▅[38;2;114;66;58m▄[38;2;124;73;65m▃[38;2;99;52;46m▁[0m[38;2;132;82;72;48;2;120;71;63m╴[38;2;94;44;39;48;2;120;70;61m▚[38;2;135;84;74;48;2;133;82;72m┈[48;2;135;84;74m [38;2;96;47;41;48;2;129;78;69m▚[38;2;92;43;38;48;2;125;75;66m┎[38;2;103;53;47m┛[48;2;135;84;74m [38;2;113;63;56;48;2;134;83;73m▁[38;2;132;81;72;48;2;97;48;42m▘[38;2;129;79;69;48;2;115;66;58m┊[0m[7m[38;2;126;75;66m▂[38;2;109;63;57m▃[38;2;84;44;46m▅[38;2;46;30;57m▆[0m [38;2;24;31;43m         [0m
 [38;2;0;0;0m              [0m [7m[38;2;78;29;25m▇[38;2;90;48;45m▅[38;2;108;60;54m▃[38;2;107;58;52m▃[38;2;91;43;38m▄[38;2;100;56;50m▃[38;2;104;58;52m▄[38;2;79;40;38m▆[38;2;63;29;30m▇[0m [38;2;24;31;43m              [0m
[?25h